9828
5659
5849
6272
3519
8040
3700
6058
8440
7291
4577
9197
8487
5037
9458
7601
5737
7215
1473
9775
3153
8383
6956
6578
5660
4225
5932
613
5431
2836
5630
3053
7615
9767
2341
127
3925
8052
6858
1539
5655
9125
3602
8627
1909
1204
6162
6475
1047
6666
8018
6042
6093
8138
6404
7576
5967
189
3664
530
6471
7807
5936
3186
3092
696
5106
7612
9171
8519
4120
6687
9181
2101
161
3283
5064
3938
9660
9326
5247
770
9507
1160
2232
1932
2194
9340
2346
4515
6
433
737
1079
7997
7920
666
4955
7929
5750
308
6869
4861
2026
8855
2812
8008
3493
1191
3650
164
1196
3591
3334
2737
3625
7828
6933
3227
9349
1015
8445
2986
7189
7345
2538
6949
6050
1861
3739
5103
3148
2454
1012
1980
2419
6489
5903
9475
7132
4389
9490
8334
6206
3245
1600
3009
2811
3492
9348
6948
2418
6034
4723
8643
1900
4809
4047
277
733
6035
1050
2531
347
6608
319
8803
9415
2967
6477
3514
20
8105
4771
1634
1381
336
6875
2983
3252
3988
1674
9075
2439
3502
7010
1863
2727
5126
6044
2292
8260
3155
5474
3836
3033
2373
6186
5728
2272
6342
768
6910
1157
3861
2396
3278
8200
6590
5937
3810
9132
7714
3892
4611
1428
475
7440
4067
2183
2038
4541
5058
3571
84
4899
153
6703
8316
432
1581
4667
7394
4482
8983
1844
140
3912
5941
9516
7972
4922
7198
1114
8047
8090
6292
7339
1582
4537
9376
2693
0
6075
4668
5135
7140
6109
8221
5221
4288
7263
1290
9428
1973
4268
205
9090
4227
357
1961
3285
6655
766
4724
5480
5561
3187
3500
193
414
5315
7250
4872
1750
5963
8691
1155
8280
8370
796
3135
5162
7762
1293
3666
3093
8644
7513
3008
1972
4199
4705
1755
7032
6710
2434
6214
5130
1248
7288
5374
3694
8880
6937
2158
697
1729
9698
4561
50
4983
1548
8061
8426
2759
5632
945
9313
2216
9812
1463
7064
3859
8938
2223
2218
34
3302
8071
9229
6444
9384
6113
5318
8005
4605
2706
8780
6303
2847
9606
4270
9782
7255
3275
1720
5540
4651
1529
918
2924
8978
4557
6382
302
9590
1395
762
8392
9251
9154
1731
4099
4052
7707
8702
2808
7459
2949
2005
3551
5125
2078
9284
4749
5851
4930
7129
4160
6945
459
542
5379
7061
9448
4623
7179
1678
9324
5050
6519
9037
3201
8794
4005
745
8812
170
4000
2103
6525
582
9696
9535
377
3612
656
6028
5498
316
699
5893
5000
2732
6406
1092
644
1074
8785
7900
8831
4511
7812
8400
7014
3430
9473
8817
4200
2315
350
3558
3041
6552
8991
8964
2677
577
5622
2461
8267
7966
8162
3417
2927
78
2079
8404
3056
4385
133
1908
9180
4954
4808
9089
2758
5850
349
4384
3016
9249
1824
8565
537
4600
408
5107
422
6638
3086
9462
4706
7464
711
7286
8077
7059
6227
4822
5482
2409
5392
200
5782
2289
5015
2456
674
9285
3231
248
9470
4057
2111
7984
1252
8282
8891
2136
3543
6331
585
8507
3538
8358
1584
5507
5676
9388
7729
539
7080
7395
3681
7379
197
9012
7237
8209
7326
2178
8016
3017
3549
8950
4219
5033
5202
9113
7452
5352
5634
5211
5348
3120
7846
5263
1303
362
4842
3934
9401
1901
3403
2479
8469
2953
6912
6002
2546
9344
6198
5940
77
5895
9199
241
8462
866
6273
7486
3353
4677
81
6137
4942
5225
7142
1233
6255
5839
3757
2201
2945
1626
7482
1794
2441
505
8869
3000
5896
703
3790
4472
8686
6007
4810
6366
9166
7613
7546
7734
1929
4750
798
1318
191
6628
228
6671
5250
2994
9702
8725
6260
5253
7841
691
5608
573
2095
8542
4235
5172
3098
5144
7569
1617
5179
5150
5185
4938
4275
8678
1703
7244
4048
5899
5004
518
1308
3520
5119
6468
4971
6049
6607
1673
7971
49
9250
576
6238
9594
9172
8437
6653
121
4539
3090
8520
7248
671
3427
4074
8298
5788
9364
3296
2640
7360
4781
9395
653
1611
5857
833
9731
1588
3712
2527
4399
6742
7896
8619
4996
1488
1059
5860
791
8169
2010
338
5718
2236
7709
9720
7636
5605
7784
4580
9570
5018
7039
8142
3930
340
5642
5437
396
3894
1927
8754
2157
2110
1317
8168
278
1361
3705
911
7293
6085
2041
1669
6623
8684
6288
6270
6734
6280
8986
2092
6360
4712
3103
6072
3316
5076
6647
7857
4158
3806
7000
3950
8041
7667
7416
2648
7227
7890
332
9243
6904
3401
3256
2933
941
1820
9040
3028
935
2277
145
1280
8650
1415
3646
2668
6455
8639
2053
2708
7123
9050
5524
157
3639
7242
5969
2467
1825
1756
7400
2785
8921
1866
8133
853
5043
4685
1140
662
6419
9547
7033
9179
8506
3537
5262
2993
9730
7038
9200
3701
4178
9748
566
1018
3512
8014
1341
63
5290
1401
2353
7838
7429
9330
9201
8562
498
6756
1989
9109
9104
4121
1222
6194
5255
1834
2996
1531
1838
5462
1541
6037
5568
5843
2554
1656
7627
6835
7438
7692
4096
5582
7619
2772
8253
3095
1124
7043
1898
8242
7671
1993
3280
8715
209
8819
283
7940
4142
3702
9542
5350
2898
6885
8605
4060
7313
1350
6994
7928
5727
4066
643
4579
1349
7260
3659
401
1692
2620
2491
5653
8022
1174
4439
5683
4483
801
6263
7261
725
2764
279
7617
8766
9223
846
6410
7740
5095
5887
7425
1913
7332
1362
8662
6688
4136
2163
7506
8213
1330
110
9145
932
2326
381
5784
6095
3440
5343
9576
2473
5587
3852
6061
2503
4179
9497
3220
4030
5300
3660
4217
8711
442
8914
8656
5770
1855
899
6872
467
734
6986
4881
4171
9694
289
2719
2401
4637
8397
944
5317
9343
5171
2276
3545
5227
1566
402
3324
7284
5420
8159
3732
1323
8164
9713
3351
6099
6560
8094
2437
3678
9182
8395
1649
2870
4081
6239
7999
5047
5114
6126
8907
6314
9031
9107
787
4833
6487
2766
7445
4945
8981
2286
6711
1924
8909
7605
4528
1297
1603
2942
7111
4767
2917
6317
1403
1693
2969
1006
2043
4232
6580
9749
5999
6661
2023
1422
2035
1557
2535
1436
7582
8319
3423
4850
3902
8960
1095
6250
6500
8111
5629
6092
4921
917
2052
7037
7042
7041
7323
9518
8490
7665
8835
2887
6235
1883
5921
5406
7657
6356
8196
6319
2621
1827
9604
4989
3728
3706
1722
8086
2599
7876
1212
8610
2895
7922
2251
6678
3577
1999
4206
6527
4925
3759
3329
4825
8273
5020
5056
4411
5947
3182
7027
8416
9511
1840
9789
9595
9346
9540
2751
6059
8511
9625
2390
1645
7324
1135
1658
929
5368
7801
9305
4368
4477
469
7168
4613
1444
6544
2344
52
492
5663
1718
2433
2102
8830
9469
5939
4995
6036
7626
9222
2285
2313
4530
912
4391
8947
8329
3463
1936
2492
806
2173
7201
3897
7490
5571
4281
964
371
1406
7531
3179
7252
1131
1051
4616
4346
9444
6815
6693
451
9519
6423
9755
162
3164
5400
3013
8566
7221
2187
7953
8277
8189
1779
2883
7354
4101
1776
5869
2363
7387
7574
4837
2088
5491
9173
1665
5496
909
242
9770
5066
8349
4853
1137
6921
4791
861
7916
7571
1684
3945
6512
8463
3699
3491
474
3284
2314
6237
120
2784
2992
2436
8940
1956
8056
3840
8501
8882
7804
5011
5494
6428
4311
1748
3546
8237
3321
3111
5228
567
4884
8955
5866
7384
3130
5031
68
9707
7527
7294
5435
4363
4091
5852
5995
7982
681
7208
5554
7020
1019
6828
7749
5649
6188
7866
7087
659
5188
2805
6340
7504
6958
2319
4980
7684
6086
5753
2956
3447
4641
8941
9004
2146
2803
3863
7832
5207
238
5036
2340
5654
3513
458
407
6637
538
8015
8753
4157
5289
2186
8276
5065
2435
1698
6941
3358
6245
9418
3939
6371
1872
2360
4931
4963
1391
2981
2398
6181
177
1802
4194
5444
9486
6748
8203
8776
3006
2298
6215
8984
5236
1129
6769
1109
6209
6764
1922
3248
5460
1736
8075
1567
6800
3047
4601
3982
8557
5182
4417
2019
3716
6253
2505
970
9500
6200
8308
4063
995
3991
2696
8179
8491
7077
2477
6013
9661
1147
6643
107
2655
1342
510
6229
4879
8033
7768
1282
8553
2710
6067
8023
211
2660
6645
6809
4582
1373
2591
486
7806
3200
5506
6467
4073
5856
9719
7666
4177
5113
4832
2042
1998
5055
1778
4852
3357
3432
7520
5099
3478
3819
3920
8836
8295
2888
4906
5809
988
9072
9679
6612
1476
6134
5627
8250
2510
9117
1397
977
1163
2630
6786
3767
4462
3676
9189
5763
1847
7300
7879
8743
1700
1043
7756
4250
7968
4404
7130
4357
9220
1175
2532
9024
1267
7476
1300
867
6335
9241
7910
1982
9247
4093
5373
1865
5886
2325
9712
1882
9603
8074
3046
2659
1699
7047
8680
4592
1945
409
4952
9398
2596
403
1465
4820
5303
3672
2877
3599
4425
3635
1456
829
1098
7048
394
2844
1619
2755
7018
6368
5377
8957
3563
6274
8568
1957
8700
7154
4697
6203
7163
9430
270
8441
5450
7646
6718
8839
8926
5083
8057
3337
1513
6333
3433
3325
7912
3063
4161
7224
1377
9334
8577
4373
6927
6675
6939
4570
9059
8239
1151
6179
4440
4408
7942
3293
2770
5131
1797
8326
6464
2263
1576
5267
8626
3987
2726
8391
6627
7292
3027
9144
5868
1146
7084
4488
314
4375
5219
8617
6529
3593
902
6775
1772
2495
4394
5815
7008
4630
1249
3004
6915
1278
2197
8723
3272
6695
7868
4215
8118
9746
5272
4787
8438
4355
9327
6452
9280
1219
7587
6796
8587
2144
843
560
5425
2256
6942
8225
8144
3844
7470
648
3914
8733
2625
8584
1389
6299
3498
7674
3841
597
8502
6089
114
8104
8220
6654
9811
348
4578
8021
898
7664
7386
6236
1372
1997
6609
7427
5108
5045
9026
7538
1446
3399
9455
3814
6011
624
5363
3971
5326
1903
6297
5684
5137
3827
1770
6173
1812
7240
8293
9760
9634
5489
915
8745
5334
9002
320
3607
8344
809
7289
4361
4887
8944
423
1884
3459
7070
3240
4484
5467
8883
1842
8952
7114
4316
1654
5651
4919
9774
5246
9036
7285
1232
8541
7805
1846
9058
6914
5502
3747
2834
8351
3556
1077
5375
9425
5216
3415
1596
1067
2459
4244
5415
122
5978
3132
1364
2741
7175
4531
8888
2308
6432
5012
2893
5156
9206
4734
8658
3877
8769
8265
4492
9796
1479
1670
5928
4257
913
306
4550
7694
9553
8928
3736
1623
5922
1504
794
3359
9566
4392
5680
7487
5128
8410
2529
6826
3382
7622
4563
5110
9386
4321
2601
8423
4568
2148
9316
4285
5248
2801
5421
3762
7919
2025
1014
4540
5479
247
227
832
6733
8132
5495
5030
9143
8224
7085
5407
4801
2153
2838
6624
426
2572
1413
8808
8709
1537
9095
4490
6392
2828
5538
3628
3377
8948
6149
3484
802
7082
872
8115
2544
5298
3695
3765
9020
64
6726
1521
7780
5822
8759
1706
4283
4679
6077
5813
8330
857
7405
8804
5773
1941
1800
2875
8160
9054
6479
6571
3175
8228
2642
8665
5307
3091
2291
8369
9198
8685
8683
2897
8881
7086
3356
8925
6938
4315
1845
4489
3270
7521
5698
7948
2072
708
7094
6973
4992
7134
141
6101
9416
5711
5403
9791
5408
6289
3264
1643
9817
7658
4719
2906
1143
2208
456
8681
6246
3867
4401
295
6890
5291
8068
3869
2797
4802
5503
6542
7774
3847
3464
771
4038
4593
6832
4868
6946
86
9419
2159
6547
6264
4165
6271
9339
3611
315
2009
2968
4310
5206
4193
3826
6478
2866
7961
2867
5953
1193
7962
2048
5577
8544
8488
8535
4691
7334
9611
3748
2615
2055
2988
3964
4754
3797
789
9715
1628
4625
7873
7196
8537
9302
4534
6735
5959
2778
9393
4290
8407
7567
6167
4376
7057
7974
2628
3574
6856
6281
7341
3354
8826
4423
272
24
616
9045
9744
9236
2747
1938
893
6577
2810
5220
8690
761
698
4676
1307
9363
3658
9575
1775
3320
5626
7469
8292
3555
5952
1937
9804
9508
1161
4116
4813
6639
3088
5950
1544
8859
5550
3940
2921
1133
8521
2015
494
1500
1946
1469
8084
6357
2413
2296
4260
5395
3515
6372
9580
1112
5175
2099
460
6610
410
4845
4693
1832
7374
9149
8151
26
3733
6496
261
1036
7433
668
8549
9211
3118
230
991
543
728
5694
6429
3455
3066
2588
71
5100
5038
610
4769
304
9063
6147
8871
2835
7262
421
8208
8618
565
6262
1211
8946
8032
269
8616
3271
647
3913
623
2800
246
707
9392
1851
3479
5691
4112
6739
548
2724
4912
8647
1852
234
8271
3882
7351
4189
2493
6053
7563
1065
9459
813
6976
5455
807
4586
7926
1179
9298
1550
4816
4071
360
287
3160
7455
3801
31
9805
2242
8096
4967
3450
2636
3688
75
7823
8352
9151
8987
1934
5470
3923
2680
5901
373
4224
1730
3557
3645
7428
7691
4924
7383
2695
1042
1796
113
5362
9773
4678
7432
3881
7651
82
6138
9628
6458
1523
5148
5165
8751
9436
2367
4943
6963
5193
4381
6587
7906
4596
4262
5884
2423
4312
4332
7392
3372
9699
8591
5573
3820
3504
8495
21
6746
222
2487
6751
5086
5942
2428
980
7362
7795
7815
8154
1606
9725
7522
5699
4917
1442
4015
3443
9558
7214
1078
4046
1749
1528
6518
7811
5014
5017
3536
8604
5226
7026
3490
6926
6296
5109
3087
3488
2174
2093
9463
9509
804
8379
4895
952
7830
2908
7269
4566
8312
7558
5765
6759
4608
778
7662
7150
7886
7552
2133
2689
4153
7592
2388
3192
4010
1024
255
7849
3795
4707
9820
1039
9121
9446
2154
9168
8431
501
5398
2030
3597
8342
7103
6352
8354
7143
1314
2323
8258
5847
630
4175
2839
3274
3638
1402
8318
9517
8328
7526
9485
1128
994
8178
1162
7755
8732
9759
4562
2614
7973
3442
6351
6009
3849
8147
3921
1324
6361
4805
7949
2682
6838
1873
2451
3023
876
6530
6792
6257
7758
6584
9322
3654
9102
7543
3547
37
1172
3310
8901
726
620
6625
7602
7202
5008
8321
9238
8332
886
1663
7798
5982
5383
2330
4713
8810
9192
7419
3622
6657
1782
3668
4185
2233
7249
4953
4234
2502
5046
9754
7220
5376
6674
8238
9057
9205
3761
6725
2412
6495
8646
4188
1933
2501
7297
7096
3411
427
5738
7348
8833
2073
479
4300
2868
1552
8482
958
7216
2195
551
5611
3898
8560
2856
5735
8106
6140
2735
7766
3752
5345
5380
9687
7465
3011
1234
6070
8730
5329
672
3104
9187
9022
5548
175
3910
9027
2540
9399
4847
4728
8962
2119
8165
5078
2361
7992
712
4671
3480
1984
2931
5359
6823
3744
3425
7652
1474
1385
7062
4013
5340
9043
7677
4932
6284
2597
1159
1190
1049
9414
2526
5769
7444
51
9810
6010
7918
3657
3489
4894
6256
2265
2665
3609
7491
5889
6593
5840
2673
8837
4544
8181
8862
9341
4470
4830
4964
3850
7298
9674
3194
8029
7318
9584
5199
5692
9354
8101
2175
4721
1392
8636
7931
2347
1965
2226
5954
756
9162
2977
7852
1194
9643
4125
4466
4107
4984
5006
7924
4546
2356
4772
2266
4516
6603
7978
8375
7279
8443
9426
8303
3884
7529
3173
5305
8148
9307
4576
6033
2982
7287
3693
8461
2156
7283
1322
5235
4407
9279
3813
5325
1549
4923
5572
2486
6583
3751
4893
9642
4866
1949
2573
7580
9477
8893
2471
2399
6848
8062
1710
6563
8527
4113
1635
7480
2126
8124
5854
709
9411
8027
6861
13
824
8339
4240
5905
4323
9255
2721
1311
7
1382
8676
2354
4181
2762
2448
9545
1188
2205
186
6329
7024
3428
4910
8183
6930
4744
4117
3322
5552
404
7870
9449
83
8046
690
2094
2647
1414
2352
1150
5402
4867
760
8615
3159
8809
7418
4797
4075
5465
2245
7679
1057
4798
7817
6040
5025
434
9736
3405
6669
6182
5217
9017
8197
8608
1375
3061
3312
8717
6473
7310
4127
9564
1759
6320
444
7408
2335
8653
3468
8916
5458
3421
6989
6439
7199
66
4961
2830
4147
9776
6550
4715
4914
7539
738
6935
130
8574
4246
6232
9815
1335
6015
3517
2966
3154
5892
584
2200
337
2466
8710
2765
1556
3758
9304
9468
842
4282
2905
9714
3922
7095
6139
5758
4814
8433
7097
6064
5988
2622
178
1186
1115
9638
5925
1803
5831
8667
1763
2910
2701
1828
3966
5873
7963
2775
1870
9008
7449
9372
6153
6574
3741
6305
4076
4042
2860
98
4306
4278
6729
4795
3344
95
5517
3393
2202
8299
3908
9672
6073
3594
6974
4993
6111
4574
5818
1894
5759
1269
599
3116
8078
5745
3445
6640
7108
1950
4387
4273
6705
195
6716
7946
2946
2666
5646
6554
1538
529
6686
1931
9605
7060
3416
3352
3089
9729
6834
441
5419
6228
4886
5812
1627
4624
5951
5949
4815
2422
6032
9296
1466
449
8255
4598
3412
3317
5388
1325
9629
8434
3977
3214
5546
6459
7863
514
8384
5423
774
1597
6851
8427
7882
684
6740
1366
5709
6895
8365
3260
1068
7068
9464
7724
7098
965
1447
2760
3804
2064
1508
266
903
7894
3112
9551
878
6447
8523
983
6117
9360
1562
9273
4821
5633
9165
8920
4527
8325
3986
2255
3269
6100
9297
1527
3022
2225
5304
8045
1056
6971
6979
694
384
5522
9667
4990
8475
2049
5789
927
5703
3101
9740
7356
8936
1682
4823
3729
7180
6065
7218
9096
549
1943
117
8815
5355
9365
5696
6776
6876
7483
6561
2574
972
7369
2300
6046
3050
2393
1647
5578
5168
5687
2062
4479
6364
6124
2823
5063
8879
2215
2460
3400
1912
1854
3328
6957
2725
5466
4491
4320
3610
1795
6586
7794
629
875
9254
129
4245
3392
6685
7839
8736
4139
2815
166
6349
280
9069
3673
7745
9456
6005
946
5158
9276
1564
8296
1121
6907
1467
3618
6362
753
2984
322
9523
8305
5713
428
5309
5223
7719
4742
4644
3395
1773
1524
4415
6514
9503
7192
721
5483
1080
6565
8108
4454
8896
3540
2998
2410
9157
7492
2782
3793
5197
9390
8801
2114
5416
4352
9314
2442
7550
4168
160
3590
6443
7236
1302
7840
5042
7618
931
8655
7998
1435
7581
5570
3336
6972
8095
3644
4331
5077
6592
2125
3343
7067
6648
1534
2878
9226
7989
5890
2165
6773
344
3510
6567
4203
7410
3600
1545
2021
5393
7688
430
3297
3783
7336
6130
2294
9195
9478
3126
8381
9260
1419
7501
6393
3526
4195
2569
7187
5739
5989
1679
1816
9287
4252
7717
2246
5445
8967
2403
5638
9487
5229
3778
4662
9495
9048
137
3242
7160
5160
5195
4610
5560
3301
169
572
5149
9510
805
7915
8954
485
5082
1231
6541
70
420
7754
7347
7023
2829
2465
5708
3125
1815
4109
3707
4327
3253
506
2169
2889
8894
4426
8599
1723
7147
4448
7594
8764
3636
2623
3815
5166
2791
8087
201
1889
7858
8545
4110
8737
1818
6079
8911
8001
9793
7643
3036
568
6650
1919
4709
2497
7933
6413
4632
8756
8933
7349
4133
8851
1086
4140
5533
3822
1809
8048
3633
5665
8051
2217
4159
541
5781
1672
7359
5581
7939
5783
2472
6091
7921
6012
3477
5808
9678
2600
2290
2014
667
6146
1210
2799
7562
5454
372
8494
6822
9637
5702
8380
4447
6649
2496
3476
9677
1089
625
7499
2303
784
7704
3724
2593
123
3989
1675
4896
5563
1535
5364
4956
1407
7680
7430
4087
7372
3081
3482
2879
6980
1062
6991
1030
7321
8555
639
5239
953
3708
2033
2513
8218
4433
9203
5914
9076
3807
2425
2703
9331
8389
6345
7877
2384
7135
3152
695
9325
4898
4704
1058
5604
8505
2400
8489
8834
2750
6920
8752
2654
1299
4214
8409
5576
4675
4565
777
1662
7930
8026
2351
9728
874
9202
6344
9592
214
8530
3942
3030
3074
1229
7001
2310
2816
5366
1457
6700
8767
5293
3957
4413
299
5668
5542
4799
4907
8563
1439
9351
8783
2261
7631
3339
2499
1409
7532
3690
499
9785
8899
6400
717
9623
386
1876
2306
6757
9227
5908
3114
2582
6594
588
179
9528
6663
1183
2074
855
8421
6754
9140
5741
9289
2662
9423
6057
8486
6161
413
9383
9011
2440
4780
5717
2091
7670
5094
466
6579
7800
6692
9769
6202
8264
3825
8870
9101
6582
4913
2421
9359
1209
385
2003
9825
2842
9224
9291
3466
9127
5751
6749
1213
2280
4806
6397
6325
5122
9129
1090
9437
8204
9813
9098
4328
9067
5051
5433
847
5810
6789
3254
312
3001
6219
9684
6411
142
2687
815
7818
2873
3236
1591
7121
7976
7990
8849
2768
7328
100
6817
3496
7610
309
6690
7699
7741
167
6041
2438
204
4871
2004
3040
9593
5523
661
4849
1717
4280
7831
3398
4533
4585
3449
3503
5016
6350
7309
5891
8420
3972
7436
8777
8091
4726
2416
4032
5477
5661
5877
8453
3951
3349
6731
989
1836
480
2368
9073
9800
1346
7590
4237
7158
5803
181
1118
626
2959
3266
8611
232
9826
7012
8648
1255
6520
9177
6849
1224
2381
4683
5828
507
6293
215
7950
835
6102
9038
8688
1879
6865
4977
1990
1011
318
5539
5049
8399
9472
8890
1340
2941
9417
8775
1464
3292
8625
5155
2641
3371
8590
7885
2329
2700
8878
1853
5712
7549
159
4330
7500
9494
7011
8694
9452
2170
8042
3305
8531
7030
3138
2304
2826
5678
5026
6509
6968
2333
2166
9652
2457
8063
1615
5979
5897
5276
3209
8402
5671
3679
830
3581
8969
8066
2683
2890
6142
2181
3180
9680
7055
4458
102
3133
4395
3202
1033
704
3943
7403
1868
5816
482
7065
7105
9110
4876
2964
6323
188
4226
765
8279
2846
1329
450
7573
2476
5762
7909
6774
8664
9148
9435
7361
4045
1187
2909
8364
1254
1614
4689
5597
4782
1202
7253
1116
651
3168
367
8695
8799
8795
2567
9639
905
4301
5096
9453
850
6997
9614
3652
435
6243
2556
1554
6347
7820
6951
5327
8246
3629
3031
5584
10
675
9264
4793
4747
4211
9668
7640
9378
3238
9183
3314
3947
7996
7009
3860
7338
3007
4560
3929
4095
8396
2869
8939
4461
5372
1864
4951
3414
4991
7340
1132
1064
4380
5888
2976
7278
2470
4573
9286
4326
8504
2872
1553
2060
3075
438
5321
4520
6613
5280
1099
4524
5933
8860
3232
7270
948
1459
3791
3170
2603
281
9218
6598
8996
5404
4006
7442
8483
4303
1052
2240
5312
6268
9764
1452
4617
2728
90
59
9185
3122
4739
3973
5926
2610
9138
8185
8972
8137
5473
1292
1547
1583
5178
1348
1691
7424
8158
5920
4988
491
8236
4786
7426
5297
4192
4690
1605
4829
5551
4885
2224
2061
1230
2464
4631
2350
3941
3956
4746
5279
3959
274
249
7843
235
3960
9320
4717
1804
9087
8387
4494
1477
1914
1227
6498
173
5452
5598
632
8248
4635
2863
3299
3225
785
1650
3070
2853
1450
512
5832
1904
7705
1250
9710
4473
6327
2618
679
9396
6870
592
5749
8779
4556
7437
8212
8272
2172
7865
3005
1455
2843
2754
8956
5245
4256
1503
9094
7333
9743
8750
4465
3883
9671
6970
8895
9194
9471
4379
2871
5177
2171
5993
1170
2743
8668
8043
4862
7496
8127
8698
4427
8256
1764
4082
8673
61
3068
7389
5747
654
6615
7764
1417
5776
6916
6022
5385
2070
9070
9268
6812
811
292
297
2922
1352
6807
3076
7398
520
1711
9515
3858
9589
4599
6197
1587
1134
5867
8103
7385
793
5127
2896
8536
7102
6494
8559
7923
6988
5645
440
1365
8522
9272
2814
6564
9225
3080
2279
5919
8778
2742
7002
6844
9656
5976
6240
2311
3306
8450
9597
4347
8597
9737
2961
746
4903
8600
7049
7888
8813
5071
5705
614
6135
5139
1724
2817
8476
7782
959
7176
7137
7584
7352
9292
8579
4783
7668
2016
6902
5841
3834
1612
6536
1203
8436
5787
395
5261
7604
9788
5367
7167
3698
473
5181
8722
8117
7586
6795
1363
8758
7195
2627
9445
3410
7417
3467
5418
7217
720
136
7753
8000
9792
4086
9128
6816
2845
678
439
3697
1789
4008
2674
3725
4190
838
5591
3406
8528
7994
7148
5409
2210
1245
1790
4934
1620
3775
5557
2050
1573
2128
6408
5640
1284
4296
495
6159
1501
2219
8038
4752
2252
6982
5858
2317
2756
275
4114
8875
6621
4449
5916
3932
1289
7254
7733
7970
4538
4398
7226
934
1279
1897
642
963
6694
6298
1371
7239
3131
4692
1850
4009
4469
5924
7881
2299
6045
7335
638
5432
4532
834
8687
5048
2475
8663
3413
1458
6267
490
6481
8172
6177
2675
3561
6679
4264
6482
3855
171
4058
2198
1490
7608
7072
7003
6290
35
3303
7075
4145
7595
345
4701
3674
2594
8072
5972
8310
4078
1262
3718
2938
939
1761
2248
1947
5685
9370
8092
1217
8773
416
6670
3511
4065
1405
5994
5752
4156
2494
2196
9001
4567
6750
6008
9191
957
7479
6573
3268
8935
4741
4453
7022
5575
5716
6689
7308
3265
9377
4523
6535
1411
552
8215
8514
8842
1976
4811
2649
3318
9612
6845
5528
6918
46
6183
1768
18
3749
2850
1045
3332
6054
124
8532
250
2911
5790
2375
4827
7726
2213
9513
2112
9230
5115
1609
8741
6737
3
1165
3250
5338
3408
8771
6027
2135
7378
5032
7485
8724
5607
3711
6193
8765
4080
928
7019
1108
2658
2837
1412
1642
1142
1306
2694
1041
8603
3637
993
4804
1171
2293
7914
5780
8493
1061
2702
8889
1572
2027
6386
7421
4137
4023
7474
1199
618
3453
553
1026
3378
7116
8216
9732
6311
7844
6682
2584
1829
9105
8313
5612
1968
7005
5061
7257
6277
687
750
7985
6839
5133
1636
2903
7228
9657
244
342
7777
5314
4604
6226
8949
80
7481
3097
7635
144
2275
4944
5628
8838
3970
8534
3554
5085
3273
6724
4727
4545
8123
9563
7448
69
9727
1253
7564
4122
8173
4229
7173
2990
6216
6369
4001
2028
44
104
8261
6568
9175
5428
9537
1517
3156
8856
7052
1
7467
535
2484
4365
3899
8515
9119
1214
9294
4757
6696
3726
6761
7892
8251
452
1286
3641
6387
6127
4627
7518
6701
7541
8467
3967
5389
2511
605
7746
6492
2616
9457
2417
7761
7031
5184
8561
3439
1644
6208
3990
6466
6367
6178
5218
5271
2624
5977
8768
4259
9167
9413
7869
4167
1434
419
6145
5913
2260
5476
1117
7548
2963
5472
2813
5704
5138
6794
8874
7473
9118
7891
6241
8113
8594
701
1589
4839
2857
5723
7422
8194
5322
6964
2281
2104
3139
4298
4521
7559
4732
3816
9381
333
1741
9492
8009
1326
8448
5766
3533
6190
3713
5806
6377
6880
3828
9520
7165
780
2139
6083
236
7265
7614
1599
8004
2676
6359
3102
7837
4438
4216
4836
4883
1735
3562
1066
1622
2528
1520
4400
8207
5192
4865
8573
5872
6004
5194
1918
2309
2305
1182
7698
4191
2463
8721
5590
2127
1896
749
7634
7547
748
8498
3586
1398
9018
1295
6532
3145
390
9818
9708
2056
147
9630
7735
4339
3578
8119
6424
6743
7302
2386
3961
3605
978
2084
8198
5028
601
1676
3494
5930
9741
1766
2000
7659
6374
7565
9621
9244
4123
5736
8642
5631
2222
6381
4807
5838
6006
5118
652
9747
8908
6316
2312
7113
8858
4720
4406
8182
3049
5167
1911
8107
2164
203
1223
1010
6141
947
6614
8435
1164
6760
5475
6082
4864
9481
1168
9460
2744
3978
4341
5874
8499
8174
4382
7511
4207
1482
6195
888
5294
6853
8135
839
8283
6905
225
4503
7367
1858
3583
1470
6883
7204
6445
8669
6212
3215
6588
2117
6398
9079
8789
6680
9756
4230
1874
3587
1560
4033
5592
533
6433
2792
3786
1631
3218
7507
5281
5273
8863
7897
163
331
7683
828
6528
7174
9385
2827
3764
1705
74
2907
2450
9321
8481
7676
7579
8892
5987
5159
1814
4897
9799
5275
6242
58
1449
7607
3407
5589
4502
8822
9277
2068
8088
3054
2832
6781
3569
1399
3072
7964
3670
4456
8125
3772
1916
7118
258
819
3307
7357
6150
1100
8081
3165
2900
6485
5233
7629
9440
3485
7907
8231
2452
3024
664
8451
4509
9598
6114
4926
5510
3388
5378
3402
8985
9342
1565
8609
2991
509
5855
4905
1376
5679
5478
8114
9019
4718
6546
1192
23
3880
5013
803
8302
7528
1709
4597
8044
6123
3342
3169
3958
6326
4255
7307
8214
8513
5027
5837
6315
202
6211
5190
1337
8958
5123
4036
1331
8918
2137
967
5319
4265
3257
1431
3994
9130
2542
4204
2406
8823
368
7295
9032
6953
526
5441
3830
1054
730
8347
5237
4348
6390
3052
2736
4004
1091
9701
5003
5436
7616
2894
6526
4790
3247
3062
2740
9362
3760
6063
97
877
1681
5354
5157
4351
4609
8598
814
7435
5596
3651
8235
8037
4263
1261
4863
1484
6450
7826
111
8999
6217
5040
8620
3904
6899
5862
5535
4660
1890
3330
5796
3437
6977
4486
3564
4525
7497
5934
2691
7411
5256
9766
3809
4198
8937
33
4471
9108
8085
6370
8202
4831
1575
3843
6076
3846
2865
2746
5361
5147
7268
5547
8861
4892
5401
3420
1930
165
7235
4432
8529
1835
7995
2937
4826
1198
2989
4364
5912
779
5191
1197
3014
6169
4965
9738
3837
6275
9257
183
8569
4242
8595
7381
8128
9482
1338
5618
2713
4788
4451
2776
7731
8930
3234
5564
6461
9442
8244
2934
4669
9115
1958
1320
7788
9505
5074
3211
3601
9489
4287
8701
3015
702
8297
3851
8980
7207
1871
7767
7299
4092
3592
7663
5136
6431
2635
9278
5464
3965
2774
4138
2997
9156
3335
1888
7703
8025
9768
1590
3313
1546
5260
6266
5722
6780
1260
4659
3233
9207
1886
7903
1805
4840
1144
9337
7182
9438
8904
5357
8472
7457
1122
2738
6908
3034
5456
1892
4183
9146
4002
1686
7272
3753
3078
782
4997
864
3980
3626
2685
7151
8439
6955
3649
1793
3544
2022
7875
5662
1130
1683
4640
5288
6768
4356
5885
8699
6332
7083
1771
808
8223
5394
8548
2723
7829
7149
7848
5853
4909
583
4305
5545
7862
982
4414
2424
1169
2069
7397
5644
4751
933
641
2374
2962
1181
747
4904
7267
5410
9208
9675
488
7155
5486
9009
4292
7624
6483
1106
5878
4620
3856
4313
2211
4698
4024
8205
8454
1532
9555
1008
5996
6170
5411
9134
6770
8006
379
3781
8360
3473
3788
516
4587
6804
4333
1246
1570
6721
3141
7450
5346
7461
2372
8089
3055
9088
9461
710
7141
8110
7656
1839
370
5648
3818
976
7475
8567
3065
4966
2427
2029
9353
6934
6110
265
926
9739
3509
873
7157
3955
172
7887
3833
8116
1489
45
7377
8593
6531
6460
8222
3952
8130
586
5515
7855
8274
9600
955
4762
8843
2086
5152
300
2631
1594
1952
8704
5669
580
1977
5381
3953
2858
9373
950
4499
4735
7035
9209
5756
4755
6631
4969
4774
1485
2327
8659
3798
3770
1110
1689
8719
6154
6510
8696
3228
5724
3185
736
9697
3999
2288
5675
2545
790
1316
4766
4410
4615
5112
1811
8131
1536
1799
294
788
8291
1468
4844
6457
9724
7557
478
5222
1085
9350
2180
2975
7423
7864
6969
5992
2209
5779
1060
9536
9412
6793
6358
1481
3341
2745
5463
863
3979
7861
515
9717
7304
2414
5021
6337
1368
7598
9328
3083
6575
4606
3195
3838
8030
3471
4342
942
8601
5793
9530
382
4428
375
7222
3619
4589
15
997
7100
2342
8098
8508
9688
105
6174
5543
3147
6108
8241
7927
8661
1296
4824
9539
5493
2297
9718
4812
1543
2679
7690
8257
5610
8028
6363
3539
8800
9676
8388
5365
5907
587
2958
5371
1288
489
7466
1765
1813
3993
2405
5861
1180
378
8359
9716
1542
8262
5242
6453
6766
1072
8796
2522
9705
4957
5624
4149
7319
799
8288
1016
7305
3730
3616
5875
5265
7686
2189
5057
7393
139
4059
3350
6098
8959
8195
8500
6187
2833
6732
3866
9574
4223
4261
4174
9641
2334
2199
4412
9784
2090
3208
5060
6276
1433
7271
949
7689
2188
4495
5733
754
4513
6782
9585
8846
3528
2650
207
8634
3878
6120
9299
6258
555
7553
5323
1629
8175
6965
923
3742
3613
5396
7954
4083
9006
8385
8747
1821
4834
8446
657
5430
2985
6488
3570
431
1754
4383
2408
7983
1400
8714
6313
7952
457
5424
1478
5537
8682
2987
4289
3319
7810
12
9814
5516
1507
9253
128
7146
3073
1408
2767
8419
2415
8278
4044
1226
3298
9271
8770
7264
6210
1319
1887
7181
8718
3184
5792
6765
2282
4294
7786
9281
3044
6029
1585
1274
2283
6204
2258
1358
9258
3784
7759
4936
9099
7050
7190
1791
8791
3038
462
3205
6533
8190
7446
2270
4855
4946
4335
9123
9578
5616
2885
6435
6247
4496
5729
7281
6474
732
3891
8315
4929
2707
1923
3012
6799
6066
2590
6451
3868
8083
990
6517
6295
1551
5734
9544
3213
2568
7561
311
4329
1291
3249
2134
6385
2116
1915
2690
7854
3146
4935
6224
1425
1264
682
5200
2273
3926
4402
5508
7274
8781
6787
4019
3684
9582
8053
723
2045
2167
7681
4505
1579
5743
3361
4548
6859
9653
8011
184
7209
399
3190
3365
4817
5283
775
594
1220
607
7089
2321
6665
3624
7512
4650
5124
7241
5461
5299
6249
987
6463
5501
2458
7621
4164
9235
1178
4595
8378
9758
6304
6585
9068
3777
4132
2653
6343
3137
4634
8211
296
5975
3696
4295
6225
43
4626
1734
1621
8080
6389
7787
7156
3776
2445
2108
6784
5558
1426
1200
9762
5052
323
7171
523
6306
7092
7246
5499
7771
5602
1460
2446
9549
5785
2507
7904
1126
6891
4154
2848
4208
8192
4857
6096
9524
7311
3435
391
5555
1265
8570
3373
4647
7588
9645
1737
769
8982
192
9153
9323
2731
8266
8076
2109
7889
8638
2051
3199
9429
4800
5772
4037
5693
7431
9819
3441
619
7219
3516
2781
7938
1228
4682
317
9613
9
4493
792
135
7752
1370
4077
7021
6373
1483
1574
1569
3508
2287
4043
4649
5984
741
6038
2520
8622
1379
7232
5022
6338
4986
2821
3150
1332
155
4151
5985
2565
1974
7534
6569
2481
9282
3289
2129
6502
4088
9607
4271
3768
5731
742
2105
557
6557
907
5487
2861
7965
5210
6911
575
5187
6785
260
7317
6039
683
6116
3792
5569
5559
7346
5292
9010
9176
5677
7337
8971
9709
291
6196
1967
700
818
9700
7902
7874
4908
2521
9783
5429
9581
1369
7859
889
6629
6797
1237
2057
7711
7045
8993
4463
6131
4128
3380
1103
9355
9407
6846
1491
1235
217
148
3655
9041
4104
2558
1806
9650
7197
8564
4711
6071
7856
6409
8275
6763
8294
3045
9565
229
3454
8731
3309
7797
5344
8729
2539
1384
8460
6668
7945
6031
8919
8814
9389
99
3291
6322
8157
8102
1760
7256
7164
2138
1598
8234
7730
554
4293
9577
2652
1568
6030
8538
8546
8674
9572
5295
6712
891
8630
8761
4421
5844
9752
8069
9648
6819
9631
5072
1440
8623
1000
2379
447
9431
6165
5090
4307
5658
612
7827
1380
1971
2926
132
5201
5894
5641
1837
1540
3677
7625
5434
5035
3671
7162
4243
8924
271
2295
7373
4111
9557
1158
8442
3060
3976
9666
3327
3525
7593
3029
7609
4279
6508
4457
481
5451
1586
8596
2474
4144
2274
6723
6484
6122
4035
3140
9352
8592
3998
2974
7860
9640
3683
9761
9751
364
3927
3917
365
8170
6672
8306
7073
5714
5961
6020
880
5706
3171
7233
1925
9601
5080
8738
968
8539
5656
3870
2007
1639
2369
3631
1726
8356
6854
2011
5512
7736
3276
6801
9196
7600
1113
1819
3766
8825
615
564
9021
689
8614
9303
5948
3021
9522
8910
8263
9126
5121
9097
6730
8589
6950
3928
8136
8749
956
1107
3048
4340
5588
5259
8418
4646
6504
8064
4602
5330
2604
4419
936
6301
5001
4974
3223
6051
848
7790
6897
883
1786
1275
8806
2176
8787
9635
5068
6862
1495
4763
150
1027
4054
5879
840
2231
4722
1633
9074
1427
199
4841
1616
6652
339
3704
6287
2389
2432
2284
5490
7503
1145
1277
7382
112
221
550
755
4796
65
3100
540
2798
8848
3580
1201
2555
5320
9763
8126
4803
7004
2483
1285
8572
827
5836
8129
3082
14
9538
3183
890
446
7599
8588
3579
3918
6421
9034
5529
6888
464
7722
6080
3506
8844
471
8456
1070
326
5620
2733
3345
5023
9797
7494
8912
5102
6291
4269
673
6136
6048
9103
282
916
1657
2087
2145
4072
4403
9219
9240
1944
7007
7081
9301
8406
254
1781
4299
3193
6929
9735
429
2013
6919
366
5176
2278
6407
6158
9190
1641
5427
8873
4297
5509
96
4350
8471
8547
5778
1480
206
2444
906
3379
3059
5518
7647
1020
8284
47
825
8465
6221
3105
2229
7028
118
4359
8581
6893
7275
4621
5251
1093
7555
2377
3983
6599
844
6354
3853
5310
5504
561
8997
9409
4889
8340
3773
3875
3162
2100
4514
1860
4267
8784
5224
9329
2995
6499
1721
2185
6252
3919
2262
5164
174
7107
5811
3803
3394
1671
5453
5802
4572
4302
7472
4731
5871
5929
6852
7117
7628
8903
7396
6630
461
1177
6783
6321
5426
4266
3461
5097
5519
7632
7720
4475
4011
1696
2203
6539
252
5980
6829
4535
2562
8428
8002
5243
7648
1518
1021
6402
7835
7750
8300
9801
8120
645
7544
5088
5053
3258
6205
6185
7139
8816
361
1668
288
3896
6339
6611
3026
5650
3735
7773
9338
2587
3535
36
3909
4743
6906
5541
9358
8877
3304
8363
8798
5278
9319
3857
4397
8171
1025
1516
4258
2259
146
2067
6062
5356
3340
1273
2269
2730
1780
3161
6184
7883
6790
6018
2979
2549
6425
3084
4370
6505
9091
5140
324
7701
6719
7958
9368
9703
9586
5153
4949
2365
4028
6727
496
6104
4442
1359
9479
9366
2638
8840
1075
8990
3548
240
5898
3255
6454
3462
7981
3862
7076
5098
313
9454
1769
914
226
4314
6576
3687
5764
6673
2500
9673
1185
9275
9259
2749
6160
8065
437
1347
4987
4522
4603
9562
4228
7606
4241
7456
6767
4761
8746
2884
4504
8417
8847
445
7834
9561
3157
7365
9533
8285
5520
9310
3127
5335
3002
256
9483
6836
3721
1393
3019
8367
8853
6778
4652
6635
6744
685
5882
2141
1472
8382
307
19
6074
8425
301
2952
48
1530
6543
9003
2018
8307
9188
9023
901
1653
9142
425
3483
5549
1522
7814
7591
3158
4146
7355
7368
6442
2790
6821
8782
412
6788
1339
8558
1849
1410
9512
5183
6189
7697
7633
8497
8857
4639
1432
6798
7560
7533
8728
3682
1638
1725
8786
826
5619
1859
5277
9560
411
358
9261
38
5231
7183
5599
4020
2632
2714
88
3888
8726
1962
3691
4551
7695
1497
1715
5331
7053
1420
3529
6932
1862
2553
3110
7748
2397
176
1281
7017
7867
1841
3746
1595
9795
8927
359
1023
8675
321
7409
7186
9824
2349
1502
9093
7781
5574
2
5084
7172
1917
3585
3604
3785
9439
5440
3210
9554
9573
7088
7901
7502
6220
3802
851
92
8058
5719
4238
2880
715
5823
8651
1986
263
985
1238
7850
1953
3286
9685
7119
8828
3911
8060
4098
3230
6999
5726
6422
9035
3796
6261
4607
500
8832
4846
3750
1334
3740
2822
3821
8217
3338
2002
1345
2609
5296
4378
1416
6843
6981
7074
9000
8466
8929
7303
8287
4512
6119
2257
5974
7770
2651
8760
4418
7721
3505
1515
8989
7813
8496
9794
3603
6998
1514
2058
524
9690
2818
353
2237
9733
9028
2605
3595
8866
5104
4026
5820
2151
41
4859
6222
1707
8705
7712
6307
3737
9786
1624
8477
3995
9615
603
3647
9083
5530
7439
4666
4481
8403
5254
1173
5405
4476
5443
2504
1996
7693
871
9790
5205
7468
6975
2387
1313
3653
8900
4180
1120
2020
4708
8050
1208
6218
660
7884
2059
9596
5923
5715
2212
6736
22
2541
525
7380
3615
6312
8637
2780
4645
198
6401
436
1848
3887
1714
3584
870
2716
821
3106
9498
7596
3196
6713
919
6841
9691
3685
2669
8551
1505
4959
4657
6659
3396
2717
3962
2851
335
5962
536
7845
9400
6741
7783
852
208
4062
6334
4819
8887
4733
4284
5697
6889
9062
3487
2132
6791
3608
2485
3311
1758
6231
4643
7716
7159
6412
3151
3824
5670
7402
4559
7842
6021
4007
3717
5189
7825
1259
5674
6456
1367
3189
3434
3524
5960
8902
4948
6777
1471
4097
8373
2788
9778
9013
4694
9664
6877
635
5526
2579
5956
9262
4655
1906
859
2819
8905
9065
633
4102
9404
7644
8140
6394
6683
3936
8640
6254
62
1833
3279
6884
7331
3901
4994
2339
6244
5414
5710
1774
7525
6656
8635
6602
7932
5583
1063
4519
7238
1216
143
9380
5805
7301
330
5906
3527
7620
4131
522
7710
2557
6019
2230
2951
2348
2779
869
2518
3177
1242
9618
354
9433
2238
4366
7205
3221
2191
9821
4699
7775
2220
1356
6943
4680
6106
718
6992
692
5672
8226
8345
2806
8039
1046
3333
9347
6341
2395
9131
4982
6112
3680
9394
9541
7505
9030
6234
9624
3715
2543
1940
7093
727
8153
885
5358
9583
8100
8374
1555
528
6446
2254
8474
4202
5580
9527
4848
4031
3370
2699
7029
8401
8995
7880
224
7366
8480
4501
4789
6449
32
8201
5911
4291
3817
5609
3037
3204
8210
1733
3149
259
2925
3326
7364
2789
1333
4025
9061
5804
1355
8517
2752
6055
569
387
8414
621
7935
8707
125
960
8337
4901
8054
8628
6156
7015
4729
5594
8670
9779
5
767
795
581
1073
2455
5143
724
6060
1005
119
1921
6133
1097
1388
2796
2047
892
8150
9627
4575
3985
484
7327
764
3069
8740
7760
8206
8512
4197
8979
2773
4498
3360
2506
2519
574
1966
8455
8865
5204
1354
2795
9626
1978
6959
7375
9081
1031
7654
2585
2336
39
5301
3661
7390
2524
93
2227
4436
54
8518
346
6213
1462
9534
8963
3295
1139
3178
2980
6747
3431
7046
8744
1013
2054
547
5382
4012
7443
5830
8324
971
6348
5041
6591
3475
2032
465
6620
5971
7484
1040
8533
1910
3879
182
7145
2320
4420
6121
563
6896
9300
2561
8366
352
5819
1119
4558
3900
8994
223
2046
937
1243
8885
5448
1525
3216
8631
5636
6024
1002
1830
9567
8145
9501
627
8484
4444
4324
881
9014
2391
2488
2120
8166
3261
5966
1979
6874
6302
2077
4218
6259
4937
156
7739
5938
6427
1777
4249
4696
1512
6626
4393
8586
8583
4360
7822
2688
4152
3848
2664
823
7723
3391
3589
8654
1533
2168
6078
9382
6201
9100
3465
5748
4464
938
7913
1895
7682
5986
8821
5232
4891
5721
1688
8633
9122
5079
1069
9734
251
3720
714
1995
3886
334
5955
8516
4196
8582
822
9806
7126
757
9721
6416
2096
6752
5681
5614
8762
1877
2912
4069
5760
1742
7488
8525
7184
6960
9619
9807
2243
7127
3811
2570
9163
2193
9474
6709
5129
7247
7415
8818
7259
4135
7322
5946
4529
1697
8556
4416
8249
1981
9333
5814
2307
831
4422
9803
8331
6562
2204
8254
1646
6129
6540
5707
1298
3348
9493
2332
2566
1604
5775
810
2960
6901
7603
8309
4064
4452
2902
7051
3532
6081
1559
5002
3845
3064
2179
996
8097
3992
5500
7091
8621
556
5209
7944
3997
253
7471
5870
7772
2978
2364
858
7330
2517
9029
8336
6132
7821
2516
9682
2550
6383
1270
4162
816
3905
3872
772
1701
649
355
8712
2697
2943
4039
5845
4975
7290
8017
7188
6589
1154
9447
655
7325
5342
4636
9106
2362
3839
4362
7153
8576
596
3606
3376
4309
5958
2777
609
303
8031
9150
9772
5981
9753
8180
3172
6894
7191
5603
5740
2420
4725
9451
6996
7819
3224
2753
1244
7225
4468
3267
1044
8492
3452
6310
3969
7112
3582
2864
9256
1792
640
9133
3472
3954
4968
5370
8314
7853
8010
1378
9556
4973
4888
2548
3018
8059
8286
820
8886
4981
8473
8413
4695
5720
3451
3522
5825
4940
3915
5990
1493
6605
7276
9052
7637
5240
6515
4129
6830
4506
3469
8612
6490
1195
3244
3550
4622
8793
5481
5252
9693
1094
4205
4753
4768
268
233
6052
3800
979
2155
2859
5387
5562
9591
8693
9434
849
2239
7388
7993
7732
3096
7517
7203
532
8917
6952
9504
4304
4765
1125
7937
8970
7044
3308
9665
2973
6651
7554
3874
5087
6017
5881
7715
3188
8152
2253
4201
713
5613
5600
1205
1327
896
7956
758
6163
8931
1784
2918
27
9335
4553
5943
7406
3107
4021
6923
2606
9374
6867
7575
3501
8868
3893
8394
4367
1136
9499
2709
559
7069
3381
8067
8543
706
7213
6758
5328
4239
9016
443
8915
5521
3300
8408
6056
1454
9670
8578
677
7478
4508
7234
7206
2722
2085
7685
2407
5791
3890
5601
7231
9647
8824
8805
8797
1272
1920
6900
7212
9311
5269
2881
7078
7791
1660
6878
4343
3128
7536
4702
4664
8734
9722
5009
9169
636
5863
3385
6476
8199
1580
9312
8070
9228
9781
2478
7568
943
5459
3675
5449
4374
8943
2874
951
3596
5324
6014
8432
5744
1526
7358
716
9683
4236
3237
8449
2626
2316
4254
1680
6898
6168
2684
5287
7376
954
9644
7316
9649
4710
3222
3734
2066
3523
884
4500
2523
1461
6426
1511
8585
2192
6708
8867
1659
2575
1787
9662
6616
6151
7193
1969
5909
6417
9822
2576
1206
2429
4672
1592
6618
1104
5092
5826
3362
973
9356
9465
9827
5105
1899
4536
7013
3085
2235
1926
8649
1988
3422
6318
3576
9706
1396
9602
4591
8951
8657
6825
7757
1048
2447
4126
9550
930
571
5081
3481
6990
1328
7639
6497
1788
1404
1975
7725
5606
8602
5270
4838
1009
3217
8243
981
7556
1084
7099
5536
4928
8377
2107
3507
4027
6820
4958
2787
9663
7363
763
8739
351
8632
5774
8792
8393
7535
6617
3559
1745
7370
4777
4220
3042
1101
5794
2097
1256
2633
4371
2914
2551
2563
8411
3226
2530
4941
7122
8013
2490
786
2534
1747
5625
9120
9056
6283
6549
6152
3115
4251
4446
5667
2498
9422
3039
600
1630
966
2712
369
2089
8845
1753
9252
8082
722
5771
4150
3288
2378
5034
3916
1276
6928
2376
9408
6634
262
9082
2715
3984
4467
7230
570
6633
5767
1037
2301
6600
9215
2645
6676
5213
1856
1651
6440
6506
9266
8458
5173
8429
8176
1487
4612
6827
2955
6940
1390
5333
5029
8807
6570
1035
3117
8270
6847
5904
5637
7320
6699
2841
1032
8247
7194
7969
5527
1448
7434
9155
975
5991
7597
5492
7785
4594
6667
2482
6887
463
6047
7006
4571
3534
2268
9092
1985
4377
1312
9060
3197
4318
5484
1081
1694
388
5997
1148
6714
6966
6171
6191
9531
669
6087
8976
1429
476
8322
8019
2891
3709
5754
7124
3206
9283
4056
2177
800
109
2034
8415
4345
5865
969
6644
2595
4629
897
8540
4549
5821
7765
2118
7977
9476
6833
6566
4661
3124
4108
6399
4779
3235
5786
4700
6534
2583
7776
4338
2221
5117
4405
8788
3071
1053
1891
8109
7655
3364
8191
3198
8
1383
5657
1970
3630
3099
7957
900
1713
8550
9526
5910
7934
5203
9080
6873
2515
3871
9051
9421
108
6025
7672
4736
2854
6414
5565
7177
2671
2970
2508
920
2656
6595
5336
4869
9212
3383
6470
7131
6947
6043
7058
8677
4170
7036
468
2882
2359
4581
8073
3003
4354
2152
9210
622
759
5757
4319
7975
7441
1451
6806
4756
8003
4455
9114
4619
2957
1357
6384
4633
42
4985
7796
3290
6300
1494
9239
4358
7138
2586
2637
87
5973
5525
4654
9403
1215
8479
1732
7738
1994
5369
5824
1492
7936
1271
6632
7802
3281
8897
2337
6522
589
5800
6143
7413
502
3166
7453
924
4860
2537
2182
3499
7463
4970
6606
6418
5399
2143
7133
3263
2207
455
8945
2241
8311
5007
2355
6860
2761
7816
8716
9295
513
1942
5062
2124
4674
158
89
4828
7585
6026
7447
9174
3640
7578
3051
5353
5485
1007
735
8240
8790
6223
6462
8079
9571
424
9823
6842
40
3714
2031
2901
3889
285
1003
2577
7727
1152
2130
5145
3541
1082
5412
8289
4758
5141
6697
7458
6944
7079
2999
3805
2932
1123
845
3181
7200
7570
7803
67
4962
6180
210
7673
9633
8708
1831
286
7905
1127
2411
7991
2930
5768
8652
4277
194
6553
383
2214
1418
1817
9636
3689
9288
4210
7277
9514
6987
3560
415
7675
2831
257
1708
2739
1885
4182
4148
4173
2044
6164
6503
6286
325
1695
7980
8727
602
1207
5635
8820
9681
4253
2065
1746
5212
9420
4089
1509
9654
56
6379
3367
2430
2580
1963
2160
8187
219
8333
3032
2271
1728
9112
5349
2763
6094
2916
3727
5019
7353
1801
4878
2629
2876
3598
5215
7056
7925
4916
1038
9484
7296
9306
3692
8932
8850
7371
6753
3448
2469
3121
5244
6811
8757
4079
5313
8122
9293
3144
389
7510
2449
7702
6720
4547
4856
4681
8992
6762
9033
5777
8580
3460
4369
4441
4947
9777
8139
2394
1004
4068
7258
5957
9692
3575
2514
6521
4673
7649
4874
1666
4050
9609
1343
4737
2357
5833
5069
4429
8035
6278
5585
7959
4784
6863
9135
6857
6909
6405
8161
7243
6269
9178
1017
1648
6486
6355
9221
4390
4090
2769
8219
8343
9053
2008
5469
7650
2855
4543
3907
4478
7718
5807
2302
3723
7104
4875
6597
511
7071
9369
6917
6681
3553
418
8230
3842
3419
7623
4773
9704
11
1263
1578
9757
688
1785
1640
1667
3686
6230
4642
2578
1905
7524
6601
5970
6415
7329
2972
4552
1987
7638
6282
284
9608
7342
9568
2919
6983
7792
9159
6771
9587
3282
8007
376
5497
7728
3119
5682
380
4880
5316
5170
4231
7251
4100
1618
7223
7941
3355
8146
4233
6850
7893
116
2113
3782
3035
5701
1661
1875
6581
231
2825
101
9263
5746
2247
8934
3331
992
1740
4882
7306
5360
6954
4409
5241
1225
6516
4163
9234
1236
6892
6353
2184
1176
4656
4130
527
8706
546
2560
5447
3719
676
8012
9055
2267
4778
2670
9632
4172
8034
9158
5446
3566
28
8361
4434
7343
4687
4459
4221
2382
9231
3567
3620
126
9659
152
4051
1677
7899
76
910
9546
8252
1992
9443
9246
9610
7350
6837
9204
1189
5234
185
598
4564
7630
3495
180
8968
8245
8503
5180
3854
4155
2083
887
9765
9441
9336
7847
5151
2404
5264
3865
922
5615
398
5186
9750
8355
4053
1496
1344
3486
7144
3588
4134
7943
6309
4939
267
4764
1453
1510
6824
9265
5116
4618
7577
4276
218
3722
751
5797
7210
8965
9216
453
5566
2370
2939
4554
4017
4775
4517
5285
5931
7713
7706
1907
1610
9569
3949
400
5998
1664
860
3446
8552
8679
5302
3191
3743
2646
7988
8763
7799
1878
5154
7908
904
4950
4738
9655
472
5915
243
3438
6879
1704
57
3387
264
9529
2678
1287
3043
986
7245
740
1102
9406
470
3058
8852
3109
8827
3614
5579
6023
895
2913
2533
8457
4344
2206
3366
2468
4873
5169
151
2082
6308
5944
2039
7169
8232
6000
1751
1304
2935
544
961
7986
5688
1394
7178
7895
5859
940
4684
6677
3129
2318
406
8742
3458
6831
2920
4070
2366
5397
4187
4670
8338
5457
1762
1893
1561
6978
8898
3113
7669
9742
5639
2849
73
729
5795
5073
9488
5514
5111
6107
1071
1506
2820
817
8156
6818
7493
9318
7696
3745
7769
4818
3369
3294
5829
3474
3531
6604
5386
7955
4507
8942
8269
3906
2249
9077
5964
4084
1498
3642
7743
578
9695
6551
1251
9387
3789
2771
8906
7040
1826
2783
9116
9711
4487
8143
3497
9552
2098
3794
9809
5198
1948
1149
4960
9007
4794
4272
6715
5686
752
3241
3632
5311
8386
1283
3931
1767
1608
9491
508
4485
3808
4658
3769
4614
5623
6294
6388
5983
216
8923
4143
4034
879
4474
2729
5230
5442
6840
5945
6128
8335
1153
3873
4590
2644
1486
4209
7979
6378
1727
5214
3143
7509
4542
8155
1607
4336
3779
1087
6641
8974
5798
9124
2453
4748
2757
3756
517
3426
5968
3731
5505
4424
9025
7537
1445
2071
9391
4322
8607
7407
9371
1268
773
5695
9502
8554
6662
2328
6967
4716
9086
5384
103
1519
2462
6380
1167
1857
6430
1593
4588
5732
9005
7951
290
3020
149
3025
1652
2150
7824
2338
9617
5593
9771
8692
7211
8376
2711
4628
6805
5468
3108
3368
8268
7109
327
1257
743
6881
1959
3662
276
8802
1156
3134
5621
7708
4029
8093
7110
7519
9071
6172
2147
2024
8368
9579
5690
30
2734
6328
2063
628
3617
4703
9066
1716
187
5761
4902
719
6192
4022
341
6545
3829
8660
5059
6664
363
3703
2431
2017
6441
1022
91
2001
2608
4665
4480
2131
1757
7401
634
1241
7653
8884
6548
4915
3565
5284
29
9269
6813
7660
2612
1028
1743
6068
16
3572
1423
1239
4212
836
2036
6403
7611
4119
3738
6702
1843
5134
8281
8357
2040
4141
7489
8055
7967
8353
4184
3656
6728
4526
8735
8966
6090
776
213
8485
9147
2602
9217
60
9787
6480
534
6207
8193
7836
2634
8024
6265
2426
4843
9270
7280
9543
310
7170
7751
4396
8424
4858
3203
6619
562
1558
3799
9669
7477
6707
1034
2358
4049
115
212
3831
6523
8371
328
3346
3456
2704
7641
8854
5391
6330
797
497
8163
1602
6660
8510
6814
4372
85
6855
812
1441
7661
2613
9186
2672
8526
1055
7498
1029
2661
6691
8624
3067
6176
9726
8301
4003
8998
5146
5617
1105
3832
8703
1315
9723
6097
7809
6434
2115
9152
8233
6507
9521
5067
2012
8362
6103
1184
7185
8988
3935
9379
6105
6448
4900
4435
1001
1687
9802
595
4663
7315
2786
4055
9525
9402
2536
454
2123
7523
2971
1739
5513
6961
6984
2075
5834
6437
1437
998
2793
5935
2345
665
7344
6524
5351
1625
1702
6646
1221
7312
6993
2619
9496
2250
1935
2509
2324
4569
1902
856
7391
7542
9042
9410
5024
3404
9467
693
5876
9267
7101
5070
7583
7166
6572
5132
7540
9620
9078
3436
7273
3136
6556
4103
8629
8748
5163
7700
9532
8372
5965
8524
2331
3375
705
1744
5332
9405
9808
8922
9085
2149
3754
6924
590
1822
4430
4105
8444
8259
9427
2948
190
670
9039
9049
5567
3944
1955
680
1475
5266
6088
8350
8422
7404
2809
6738
5900
6962
7025
8320
6069
3424
2525
7851
1869
5817
7793
8953
5093
8452
5827
1867
4688
273
7763
3079
5417
17
1294
9798
3246
8036
6779
1951
293
4854
4334
2589
2480
5258
6157
5801
7016
984
329
483
1138
4443
4890
9332
3347
5880
2106
4445
3123
4337
4653
8478
7737
6810
8121
3418
921
739
9317
3755
1954
6375
2928
1386
392
2692
6936
7063
8977
4510
3429
8468
6001
1360
6279
2162
6985
2886
2343
5010
4851
8390
1218
7566
4115
25
646
4911
4014
9161
5005
1321
2244
4714
94
8304
7066
298
9622
8774
6346
4460
8184
7495
4085
5556
2657
617
7115
79
6376
9480
3771
2899
1430
3903
3780
3787
477
4222
731
154
131
4730
8876
4760
1258
5673
3176
8099
4
8323
3996
608
3968
6922
558
4317
3363
7412
2929
2915
6596
2081
72
1166
2607
5390
8509
6436
2080
4583
5848
9375
1247
2923
7128
8811
3542
6903
6755
5586
4979
6636
1266
7645
8227
8689
6745
3667
8961
3812
841
6704
9047
2512
2383
2581
3397
650
4325
519
1571
5471
4835
8134
1798
138
7789
1632
8571
5101
2228
9141
1637
9689
1096
1353
5341
8575
1083
3287
974
8229
5700
3457
7742
9616
1601
3374
4247
1309
3924
9170
4388
356
3665
2705
744
7545
8141
5842
3094
3219
2718
2804
3239
4918
1499
1111
6925
8327
8645
9686
1964
1374
2904
1301
783
2592
854
7120
9184
631
591
8672
5918
637
4740
5337
604
6465
5039
5534
4286
5643
9599
5742
4648
3975
6722
8405
6251
7106
9357
6931
2552
3823
868
6233
4248
3885
3521
1752
7229
9214
6886
4353
9658
3057
2643
2122
9466
9160
9046
3974
6558
7515
4998
6395
9506
6868
6365
4274
6622
1443
7530
908
106
6808
7878
9397
9745
8020
5044
5488
2892
2571
7779
3174
5306
9816
7960
245
9237
2720
1310
4386
6684
3643
1808
1088
2380
9137
1690
9193
3710
6144
8447
4437
8720
6882
8346
5595
3077
781
3648
7460
2371
6336
8713
606
6115
611
882
9367
2748
2140
7747
6118
5413
1939
6155
2076
7414
7090
3243
9015
4927
2559
9245
3142
7508
8606
6706
6175
5257
2161
503
1880
4770
3251
3277
196
7451
5347
865
5249
9242
7399
6871
6559
6125
8188
6511
6642
4176
6717
7911
5927
7872
3573
9044
2681
1983
2264
7678
4041
448
2392
6772
2402
7642
9290
4870
7589
7054
4792
4785
4745
4933
1305
7420
2385
1336
2936
4450
5755
1810
8290
862
3470
1424
5282
3623
6248
8459
5089
7161
8613
5120
5835
8470
6538
6658
4061
2950
9432
2698
1387
8149
4497
2663
7125
6016
1783
9111
4877
545
4686
3864
894
1240
4118
7314
4759
8671
5917
9213
9308
5438
9232
3937
5902
1960
9248
1823
2944
504
2639
6084
3315
5075
3323
1421
8829
8348
658
237
3981
305
9315
3627
7947
6166
5174
8430
8341
8177
3010
7917
6438
2965
8666
9164
7687
5238
1438
6324
2686
6864
2940
7572
3167
4555
3774
8841
1141
8641
5274
3568
3669
663
9361
1685
487
2564
2006
5511
220
6420
2443
7833
9309
4638
5439
8049
9064
5142
8864
53
3390
5208
7152
7516
531
3384
9780
5091
2489
2954
6698
2840
6469
6285
2824
9233
397
4016
4186
3530
9084
2947
2121
1807
9136
4040
3663
5161
4999
8167
2667
1655
5652
8913
4920
2598
5553
2802
5054
3634
6913
9424
3876
3963
493
7454
7551
2322
5846
8317
3621
5339
4124
3444
5422
7744
1563
5308
343
5532
5664
4213
8398
9651
3946
4094
2852
8697
1351
9588
6493
7136
837
962
686
6491
4166
6003
3763
4431
7266
6803
5647
925
579
374
3207
4018
9548
134
6501
5730
999
4349
3895
3229
5725
2794
4972
2547
8412
6866
4776
5864
7462
55
1577
3386
405
2611
6555
4978
7778
7871
5531
6802
3518
3835
2037
1719
2807
3933
1928
9345
3163
6199
1881
393
1076
6391
6148
5883
4106
7282
6472
3259
6513
5196
168
8755
9139
6396
4584
4976
1613
2862
2617
3409
8772
8112
5544
7034
3212
593
8872
8464
239
9274
9559
4518
521
2190
4308
9450
6995
9646
5268
5286
2234
5666
8975
1712
4169
5799
2142
3262
8186
3552
417
7898
1991
3948
7987
8973
5689
7808
1738
7514
6537
3389
