984
258
757
791
319
252
410
346
443
850
782
186
223
753
905
234
964
966
572
944
919
164
407
768
64
119
139
838
402
877
515
110
910
206
814
138
18
189
900
48
772
161
718
936
626
653
338
227
665
364
546
769
144
377
317
778
200
177
259
65
549
556
1
46
818
245
313
527
727
506
133
298
532
451
875
823
806
386
50
700
734
785
222
450
554
582
162
175
765
277
977
940
45
405
711
34
28
661
552
534
596
793
491
540
622
890
834
157
819
892
555
611
463
758
257
784
121
474
5
586
679
884
142
73
538
623
523
836
535
789
246
894
646
610
471
597
362
242
129
76
325
98
365
633
112
105
149
3
547
764
39
171
954
857
8
664
376
678
619
972
152
707
315
841
312
748
20
960
749
10
931
17
812
670
628
524
415
356
248
230
108
92
12
837
401
188
26
290
195
328
663
697
235
103
657
693
170
880
770
369
460
432
767
792
314
521
302
155
499
787
568
612
240
752
256
425
399
853
210
868
794
331
800
519
341
550
438
509
583
528
417
965
648
698
715
558
625
135
881
637
193
391
218
272
437
213
191
682
675
825
276
38
326
393
641
372
537
239
197
695
949
166
321
620
485
952
168
728
924
429
127
122
477
426
545
400
507
71
447
198
854
118
771
951
184
719
913
270
209
134
37
320
90
467
383
78
696
342
323
807
203
856
19
852
914
979
136
375
760
74
882
570
706
557
68
179
115
859
69
53
40
963
7
173
285
358
344
938
404
851
638
908
475
639
21
580
615
904
783
840
368
271
709
480
925
551
891
120
494
214
743
961
578
253
829
813
733
327
431
484
82
370
671
495
526
595
91
86
649
915
299
281
863
465
102
284
430
513
60
604
522
674
950
870
145
561
629
266
835
229
275
343
159
140
56
973
660
128
542
440
652
297
27
937
303
591
394
724
739
871
163
132
959
948
101
439
723
738
156
390
839
378
865
291
387
861
928
909
717
385
382
775
279
99
844
174
763
265
468
686
946
899
627
25
459
476
304
810
349
781
148
930
446
897
434
510
406
539
677
194
525
88
690
286
517
413
967
654
187
508
167
923
384
411
379
832
975
398
322
809
348
87
593
472
873
514
2
301
192
536
89
403
131
482
643
310
721
160
324
618
751
67
172
762
347
125
741
236
886
817
436
190
614
659
543
955
94
505
710
424
594
808
153
688
598
31
501
983
318
849
47
141
428
381
576
261
180
154
530
683
469
456
703
573
650
624
6
464
283
296
412
305
366
804
226
889
392
640
117
916
335
488
57
55
300
263
821
584
608
866
176
462
51
211
306
776
421
269
945
974
761
359
901
731
634
345
621
104
712
713
497
879
766
714
158
689
601
847
215
746
233
0
49
907
592
820
453
920
981
667
15
251
363
699
533
416
483
560
420
454
587
599
644
691
939
72
673
869
898
282
878
563
934
564
113
292
935
337
52
264
481
61
602
220
917
339
779
217
903
744
32
333
354
80
790
205
822
311
357
617
380
84
680
126
202
577
885
687
500
980
360
96
565
62
212
742
85
280
716
24
896
262
745
795
755
224
827
605
567
367
590
831
332
754
701
307
585
603
958
947
455
295
452
921
42
777
221
75
196
544
759
962
708
642
702
607
801
588
883
361
971
843
750
504
957
531
473
516
982
35
123
287
788
669
330
100
722
864
458
396
146
33
632
498
518
705
116
353
201
395
352
684
486
316
247
520
183
569
858
278
668
726
636
579
658
562
336
796
478
254
448
647
888
600
182
29
797
388
918
199
470
442
178
479
260
725
969
22
106
492
756
111
912
613
848
895
489
662
656
216
444
185
953
83
911
249
150
137
581
681
862
228
737
685
243
773
4
97
255
799
130
803
730
14
956
802
44
414
77
978
374
922
435
423
334
970
805
833
241
232
419
79
830
968
736
409
893
355
371
238
720
575
373
231
747
165
466
30
225
219
735
811
169
36
927
445
461
43
571
9
855
274
860
457
704
941
874
490
929
740
268
250
902
566
842
109
244
151
786
81
427
529
906
23
845
207
609
433
676
397
124
846
422
876
11
114
309
237
350
58
143
976
824
70
512
666
672
351
655
574
630
293
59
496
729
308
942
943
645
692
93
54
887
441
502
208
774
41
631
181
559
294
798
418
511
548
289
828
732
66
329
635
288
449
389
204
13
16
107
694
147
616
503
408
815
553
651
816
867
493
487
95
606
267
932
63
340
541
780
872
933
826
589
926
273
